MCR Combination Analysis Summary
==================================================

Combination               Excitations          N_Ex  N_Comp  Expl_Var   Recon_Err   
------------------------------------------------------------------------------------------
single_300.0              300.0                1     4       0.9208     1156.868291 
single_310.0              310.0                1     4       0.9365     652.022340  
single_320.0              320.0                1     4       0.9463     464.519155  
single_330.0              330.0                1     4       0.9560     322.451938  
single_340.0              340.0                1     4       0.9626     217.106344  
single_350.0              350.0                1     4       0.9642     157.452629  
pair_300.0_310.0          300.0, 310.0         2     4       0.6308     4662.455109 
pair_300.0_320.0          300.0, 320.0         2     4       0.4054     8391.502194 
pair_300.0_330.0          300.0, 330.0         2     4       0.4691     7066.597487 
pair_300.0_340.0          300.0, 340.0         2     4       -0.1016    15780.332083
pair_300.0_350.0          300.0, 350.0         2     4       0.1831     9926.167587 
pair_310.0_320.0          310.0, 320.0         2     4       -0.1901    17407.658730
pair_310.0_330.0          310.0, 330.0         2     4       0.4998     6273.837076 
pair_310.0_340.0          310.0, 340.0         2     4       -0.8844    23345.219140
pair_310.0_350.0          310.0, 350.0         2     4       0.0755     9366.035166 
pair_320.0_330.0          320.0, 330.0         2     4       -2.1205    43218.240690
pair_320.0_340.0          320.0, 340.0         2     4       -0.1385    13498.672331
pair_320.0_350.0          320.0, 350.0         2     4       0.1251     6932.382633 
pair_330.0_340.0          330.0, 340.0         2     4       -4.7340    67318.545478
pair_330.0_350.0          330.0, 350.0         2     4       -1.3068    26659.705309
pair_340.0_350.0          340.0, 350.0         2     4       -7.5942    95905.455100
triplet_300.0_320.0_350.0 300.0, 320.0, 350.0  3     4       nan        nan         
triplet_300.0_340.0_350.0 300.0, 340.0, 350.0  3     4       nan        nan         
triplet_310.0_320.0_330.0 310.0, 320.0, 330.0  3     4       nan        nan         
triplet_310.0_320.0_340.0 310.0, 320.0, 340.0  3     4       nan        nan         
triplet_310.0_320.0_350.0 310.0, 320.0, 350.0  3     4       nan        nan         
triplet_310.0_330.0_340.0 310.0, 330.0, 340.0  3     4       nan        nan         
triplet_320.0_330.0_340.0 320.0, 330.0, 340.0  3     4       nan        nan         
triplet_320.0_330.0_350.0 320.0, 330.0, 350.0  3     4       nan        nan         
triplet_330.0_340.0_350.0 330.0, 340.0, 350.0  3     4       nan        nan         
custom_alternating        450.0, 510.0, 570.0  3     4       0.9765     7703.325330 
custom_specific_pair      480.0, 540.0         2     4       0.9747     6762.023349 
